1900.0000004081633	34.91000548542081
1900.0061343584111	34.99253683315473
1900.012268308659	35.07525827319469
1900.024536209155	35.24127293970511
1900.0490720101466	35.575593113258606
1900.0981436121301	36.25342391794054
1900.196286816097	37.64602295728277
1900.3925732240307	40.57958530347276
1900.8181671417092	47.60313867081238
1901.215557671403	54.85898856706146
1901.6051529763774	62.25941347737698
1901.6117563577336	62.383441334638285
1901.6183597390896	62.50732802391804
1901.6315665018017	62.7546548800527
1901.6579800272257	63.24736137326102
1901.710807078074	64.22367550493951
1901.8164611797704	66.12827810921328
1901.8230645611263	66.24469113052598
1901.8296679424825	66.36075022654533
1901.8428747051944	66.591774775484
1901.8692882306186	67.04922178779229
1901.9221152814669	67.94382108209476
1902.0277693831633	69.63559911298955
1902.033932086582	69.72963272235323
1902.0400947900007	69.82310081400935
1902.0524201968383	70.00830606073781
1902.0770710105132	70.37154561837774
1902.1263726378634	71.06730100902098
1902.1325353412822	71.15120819141472
1902.138698044701	71.23440305119674
1902.1510234515385	71.39861641822647
1902.1756742652135	71.71806156958738
1902.2249758925636	72.31876107259369
1902.2311385959824	72.39006657955035
1902.2373012994012	72.46049664610673
1902.2496267062388	72.59868759363133
1902.2742775199138	72.86408958079912
1902.2804402233326	72.92808921433634
1902.2866029267514	72.99112645764203
1902.298928333589	73.11426938519716
1902.323579147264	73.34851726305085
1902.3297418506827	73.40450564276685
1902.3359045541015	73.4594419385712
1902.348229960939	73.5661128933759
1902.372880774614	73.766327392378
1902.3790434780328	73.8135790854021
1902.3852061814516	73.85968688551145
1902.3975315882892	73.94842441663765
1902.4221824019642	74.11166206823349
1902.4288610600988	74.1525440560368
1902.4355397182333	74.19197217320468
1902.4488970345026	74.26640733545356
1902.455575692637	74.30138464207937
1902.4622543507717	74.33484866632014
1902.4756116670408	74.39717761434815
1902.4822903251754	74.42601288527021
1902.4889689833099	74.45327561049984
1902.4956476414445	74.47895109420868
1902.502326299579	74.50302466698304
1902.5090049577136	74.52548165937242
1902.515683615848	74.54630740192634
1902.5223622739827	74.56548722377671
1902.5290409321174	74.5830065327899
1902.5357195902518	74.59885094824357
1902.5423982483865	74.61300611765891
1902.549076906521	74.62545768855712
1902.5557555646556	74.63619130845939
1902.5624342227902	74.64519263124056
1902.5691128809246	74.6524475444368
1902.5757915390593	74.65794212220995
1902.5824701971937	74.6616624417994
1902.5891488553284	74.6635945804445
1902.5958275134628	74.66372461522262
1902.6025061715975	74.66203876705782
1902.6091848297322	74.65852365641608
1902.6158634878666	74.6531659693797
1902.6225421460013	74.64595239203094
1902.6292208041357	74.63686961045211
1902.6358994622703	74.62590433520388
1902.642578120405	74.61304369402646
1902.6492567785394	74.59827515302253
1902.655935436674	74.58158618746799
1902.6626140948085	74.56296427263878
1902.6692927529432	74.54239688371054
1902.6759714110776	74.51987166755507
1902.689328727347	74.46890111360446
1902.6960073854814	74.440432683678
1902.702686043616	74.40996009036323
1902.7160433598851	74.34295642339363
1902.7227220180198	74.30640387721566
1902.7294006761542	74.26780396215767
1902.7427579924233	74.18442143435318
1902.749436650558	74.13961852608247
1902.7561153086926	74.09272765769057
1902.7694726249617	73.99264394434188
1902.7761512830962	73.93943435710268
1902.7828299412308	73.88410201589956
1902.7961872575	73.76703627083936
1902.8028659156346	73.70528646660121
1902.809544573769	73.64138115967195
1902.822901890038	73.50707712379307
1902.8496165225765	73.21233033831675
1902.856173380325	73.1346272516598
1902.862730238073	73.05480068801675
1902.8758439535698	72.88876394327298
1902.902071384563	72.53107101428637
1902.9086282423114	72.43629274140213
1902.9151851000597	72.339367757867
1902.9282988155564	72.13907668498402
1902.9545262465497	71.71272475443055
1902.961083104298	71.60076755173536
1902.9676399620464	71.48666516946778
1902.980753677543	71.25203537869169
1903.0069811085364	70.75715123853982
1903.0594359705228	69.66588152637165
1903.0659928282712	69.52007723429061
1903.0725496860196	69.37221088796345
1903.0856634015163	69.0703252517518
1903.1118908325095	68.44222911300382
1903.164345694496	67.09134989287584
1903.2692554184694	64.03775353623854
1903.2753715982803	63.84644860090763
1903.2814877780913	63.65378861861095
1903.2937201377135	63.264476243021235
1903.3181848569577	62.47039866676387
1903.3671142954463	60.82488781872894
1903.4649731724235	57.34262302758397
1903.6606909263774	49.94366416280138
1903.6673230609042	49.689665948803516
1903.673955195431	49.435755904466
1903.687219464485	48.928308827767026
1903.7137480025924	47.91566485238439
1903.7668050788072	45.905154453214266
1903.8729192312371	41.98527634447064
1903.879551365764	41.74624873470685
1903.8861835002908	41.50803334048425
1903.8994477693445	41.034106725926314
1903.925976307452	40.096737529247704
1903.979033383667	38.267170484259175
1904.0851475360969	34.80987836541996
1904.0913389926864	34.617068788301985
1904.097530449276	34.42527971022216
1904.1099133624552	34.044777478542706
1904.1346791888136	33.29617553015876
1904.1842108415306	31.849307541354737
1904.2832741469642	29.15970888516843
1904.2894656035537	29.000664665194133
1904.2956570601434	28.842680393972422
1904.3080399733226	28.52988526912083
1904.332805799681	27.916943434466152
1904.382337452398	26.741151474933957
1904.4814007578316	24.58448274594005
1904.4874704140348	24.460538174351626
1904.4935400702382	24.337516176926343
1904.505679382645	24.09422386910498
1904.5299580074584	23.61852781010951
1904.5785152570852	22.709700795412598
1904.5845849132886	22.60000055600149
1904.590654569492	22.491152275336077
1904.6027938818988	22.275992909929254
1904.6270725067122	21.85569218422012
1904.675629756339	21.0541015547096
1904.6816994125425	20.957466630135386
1904.6877690687459	20.8616077108304
1904.6999083811525	20.672198696860896
1904.724187005966	20.30248105757152
1904.772744255593	19.598375635453582
1904.8698587548467	18.323008891730915
1904.876444365766	18.24257639678559
1904.883029976685	18.162880632730776
1904.8962011985234	18.00567655009817
1904.9225436422	17.69985908294584
1904.9752285295533	17.12135718056168
1904.9818141404726	17.052045958328417
1904.9883997513916	16.983383877377086
1905.00157097323	16.84798655789821
1905.0279134169066	16.58475932365411
1905.08059830426	16.087458087788185
1905.0871839151791	16.02793358370037
1905.0937695260984	15.968979791072634
1905.1069407479367	15.852765882404473
1905.1332831916134	15.626983575014155
1905.1859680789667	15.201006595828067
1905.2913378536732	14.443953796144417
1905.297482786655	14.403451353531533
1905.303627719637	14.363331775656885
1905.3159175856008	14.284229840809552
1905.3404973175284	14.130495241533593
1905.3896567813838	13.840281440268823
1905.3958017143657	13.805571210990122
1905.4019466473476	13.771200524286115
1905.4142365133114	13.703467499250408
1905.438816245239	13.571964221336497
1905.4879757090941	13.324282696447613
1905.494120642076	13.294714075989807
1905.500265575058	13.265447072619052
1905.5125554410217	13.207809567799174
1905.5371351729493	13.096062309374066
1905.5862946368045	12.886214406693503
1905.5924395697864	12.86122366407988
1905.5985845027685	12.83650222776272
1905.6108743687323	12.787859811550739
1905.63545410066	12.69372456754682
1905.684613564515	12.517650082082758
1905.6912744522128	12.495007370397635
1905.6979353399104	12.472647877279512
1905.711257115306	12.42877004107717
1905.7379006660967	12.344322480157677
1905.7911877676784	12.188232726055839
1905.797848655376	12.16988520162585
1905.8045095430737	12.151790346356606
1905.8178313184692	12.116351958992816
1905.84447486926	12.048433686811345
1905.8977619708417	11.92405888410127
1905.9044228585392	11.90955563251963
1905.911083746237	11.895279399373925
1905.9244055216325	11.867402211193205
1905.9510490724233	11.814308506894683
1905.9577099601208	11.80158096242069
1905.9643708478186	11.789068881988394
1905.977692623214	11.76468562544627
1906.0043361740047	11.718447646110407
1906.0109970617025	11.707407662356951
1906.0176579494002	11.696572991562274
1906.0309797247955	11.675514605902405
1906.0576232755864	11.635806778513755
1906.0642841632841	11.626374485643995
1906.070945050982	11.617137773317111
1906.0842668263772	11.59924680209876
1906.110910377168	11.565764656051147
1906.1174494644795	11.55800972439944
1906.123988551791	11.550435039244608
1906.1370667264139	11.535822351197513
1906.1632230756597	11.508715684320272
1906.1697621629712	11.502374984321433
1906.1763012502827	11.496206922169176
1906.1893794249056	11.484385228904003
1906.2155357741515	11.462775189028186
1906.222074861463	11.457791214299165
1906.2286139487744	11.452972912415918
1906.2416921233973	11.443829847587976
1906.2482312107088	11.439503412926795
1906.2547702980203	11.43533936228754
1906.2678484726432	11.427495433311954
1906.2743875599547	11.423814065094202
1906.2809266472661	11.42029210113553
1906.294004821889	11.413723406232574
1906.3005439092005	11.41067518540687
1906.307082996512	11.407783389077398
1906.320161171135	11.402466090144312
1906.3267002584464	11.400039097659274
1906.3332393457579	11.397765552789052
1906.3397784330693	11.395644770659782
1906.3463175203808	11.393676115231923
1906.3528566076923	11.391858951623359
1906.3593956950037	11.390192644951973
1906.3659347823152	11.388676560335652
1906.3724738696267	11.387310062892276
1906.3790129569381	11.386092517739732
1906.3855520442496	11.385023289995901
1906.392091131561	11.38410174477867
1906.3986302188725	11.383327247205923
1906.405169306184	11.382699162395545
1906.4117083934955	11.382216855465416
1906.418247480807	11.381879691533424
1906.4247865681184	11.38168703138968
1906.4313256554299	11.38163824965531
1906.4378647427413	11.38173280986892
1906.4444038300528	11.381970186357531
1906.450942917364	11.382349853448169
1906.4574820046755	11.382871285467859
1906.464021091987	11.383533956743626
1906.4705601792984	11.384337341602496
1906.47709926661	11.385280914371492
1906.4836383539214	11.386364149377643
1906.4901774412328	11.387586520947972
1906.4967165285443	11.388947503409502
1906.5032556158558	11.390446571089262
1906.5097947031672	11.392083198314273
1906.5163337904787	11.393856859411565
1906.5294119651016	11.397813180531083
1906.535510374476	11.399843521574793
1906.54160878385	11.401991253060237
1906.5538056025985	11.406637410974644
1906.5599040119728	11.409135155300067
1906.5660024213469	11.411748888464162
1906.5781992400953	11.417322957087936
1906.5842976494696	11.420282610437404
1906.5903960588437	11.423356888405115
1906.602592877592	11.429847953974843
1906.626986515089	11.444190574108536
1906.6330849244632	11.44805767486097
1906.6391833338373	11.452036671790792
1906.6513801525857	11.460328989962184
1906.6757737900825	11.478241810007958
1906.6818721994568	11.482995061113225
1906.687970608831	11.487857793777321
1906.7001674275793	11.497910630527237
1906.7245610650762	11.519318276930623
1906.7306594744505	11.52493986772318
1906.7367578838246	11.530668793565045
1906.748954702573	11.542447577141925
1906.7733483400698	11.567281359084948
1906.8221356150634	11.621999036918728
1906.8282340244377	11.629308056277077
1906.8343324338118	11.636720679950901
1906.8465292525602	11.651855916184209
1906.870922890057	11.683360575768068
1906.9197101650507	11.751261439256123
1906.9263245291406	11.760965355576758
1906.9329388932306	11.770787617648411
1906.9461676214107	11.7907864013901
1906.9726250777708	11.832195563684333
1907.0255399904906	11.920616886428048
1907.0321543545806	11.932191288004734
1907.0387687186708	11.943881137058618
1907.0519974468507	11.967606637261515
1907.0784549032107	12.016437063692615
1907.1313698159308	12.119585365704506
1907.1379841800208	12.1329907617958
1907.1445985441107	12.146509537067228
1907.1578272722907	12.173886892159695
1907.1842847286507	12.229998489607484
1907.2371996413708	12.34763058606986
1907.3430294668108	12.604406920183276
1907.3492031529636	12.62026872107543
1907.3553768391164	12.636227614739276
1907.3677242114218	12.668436554496012
1907.3924189560328	12.734018680615108
1907.4418084452548	12.869841067576663
1907.5405874236985	13.160129981127897
1907.5467611098513	13.179099404194874
1907.5529347960041	13.198166246715871
1907.5652821683095	13.2365923555125
1907.5899769129205	13.314615425872134
1907.6393664021425	13.475354239639882
1907.7381453805863	13.815691593189113
1907.7448350214547	13.839654691231718
1907.7515246623234	13.86373429280827
1907.7649039440605	13.912243376674084
1907.7916625075345	14.010663658032728
1907.845179634483	14.213135868361315
1907.9522138883797	14.64083235178145
1907.9589035292481	14.668579806573343
1907.9655931701168	14.69644769165346
1907.978972451854	14.752545395419924
1908.005731015328	14.866193036568578
1908.0592481422764	15.099333246855407
1908.166282396173	15.5892902610492
1908.1728502366552	15.620395577070074
1908.1794180771376	15.651622307547884
1908.1925537581021	15.714440732313188
1908.2188251200314	15.841542480154464
1908.2713678438897	16.10164702994454
1908.3764532916066	16.645823526235233
1908.5866241870403	17.833137003197994
1908.5927513495853	17.869788427592486
1908.5988785121303	17.906557692589367
1908.6111328372203	17.980450562354235
1908.6356414874006	18.129659386715822
1908.684658787761	18.43381519444869
1908.7826933884817	19.065464949975933
1908.9787625899228	20.425342039799077
1908.9854057071836	20.473740638655023
1908.9920488244445	20.522294783139603
1909.0053350589662	20.619870942259162
1909.0319075280097	20.816903373950787
1909.0850524660964	21.218559012751392
1909.1913423422698	22.052818633643497
1909.4039220946167	23.84988476200121
1909.4101245339402	23.904976238629278
1909.416326973264	23.9602218231725
1909.428731851911	24.071176473846062
1909.4535416092053	24.29494771602578
1909.503161123794	24.750001873212412
1909.6024001529713	25.69066815486928
1909.8008782113259	27.698325072332157
1910.1900391033155	32.154241396344126
1910.6122210971166	37.824739289709086
1911.0061997029327	43.93584417841918
1911.4331994105603	51.39641039250842
1911.8524038934684	59.29470298633806
1911.8585132855765	59.41118542311792
1911.8646226776848	59.52764404939571
1911.876841461901	59.76047721503976
1911.9012790303339	60.22571861084339
1911.9501541671993	61.15373385762874
1912.04790444093	62.99285259600334
1912.0540138330382	63.10675756116723
1912.0601232251465	63.220512798154026
1912.0723420093627	63.447554892013514
1912.0967795777956	63.89963119019542
1912.1456547146609	64.79465977439095
1912.2434049883918	66.53845268570201
1912.2500303352158	66.65396072571939
1912.2566556820398	66.76908314246815
1912.2699063756877	66.99813800884937
1912.2964077629836	67.45125619197188
1912.3494105375755	68.33557771783012
1912.3560358843995	68.44388138613463
1912.3626612312235	68.5516564639329
1912.3759119248714	68.76558294534334
1912.4024133121673	69.18667422087265
1912.455416086759	69.99949190411263
1912.4620414335832	70.09813248976376
1912.4686667804071	70.19607921430705
1912.481917474055	70.38984821110441
1912.508418861351	70.76857297751913
1912.5614216359427	71.4881046723809
1912.5680469827666	71.57425855691874
1912.5746723295906	71.65953094857656
1912.5879230232388	71.82738078606047
1912.6144244105346	72.15193541624421
1912.6674271851264	72.75354104108703
1912.6736118540132	72.81937804813334
1912.6797965228998	72.88426487983206
1912.6921658606732	73.01114267514984
1912.7169045362202	73.25299739920872
1912.7230892051068	73.3109156092162
1912.7292738739936	73.36779295980233
1912.741643211767	73.47837974067376
1912.7663818873139	73.68656329117287
1912.7725665562007	73.73583534340979
1912.7787512250873	73.78397436101703
1912.7911205628607	73.87680632843012
1912.7973052317475	73.92147579627978
1912.8034899006343	73.96496526558738
1912.8158592384077	74.04835724466406
1912.8220439072943	74.08823627247695
1912.8282285761811	74.12688833783542
1912.8405979139545	74.2004646172767
1912.8653365895013	74.33237493248433
1912.8715212583882	74.3621080032066
1912.8777059272747	74.39051988192752
1912.8900752650482	74.44333335149388
1912.896259933935	74.46771158640361
1912.9024446028218	74.4907219174406
1912.9148139405952	74.53259215602486
1912.9209986094818	74.55142870763646
1912.9271832783686	74.5688506435039
1912.9333679472552	74.58484628565931
1912.939552616142	74.5994039547015
1912.9457372850286	74.61251195388247
1912.9519219539154	74.62415902997297
1912.9581066228022	74.63433410223243
1912.9642912916888	74.6430260899203
1912.9704759605756	74.65022391229603
1912.9766606294622	74.65591648861904
1912.982845298349	74.6600927381488
1912.9890299672356	74.66274158014474
1912.9952146361225	74.66385193386631
1913.0013993050093	74.66341271857296
1913.0075839738959	74.66141285352411
1913.0137686427827	74.65784125738253
1913.0199533116693	74.65268680493979
1913.026137980556	74.64593914328049
1913.0323226494427	74.63758828487323
1913.0385073183295	74.62762424218666
1913.044691987216	74.61603702768939
1913.050876656103	74.60281665385006
1913.0570613249897	74.5879531331373
1913.0632459938763	74.57143647801975
1913.0693088623768	74.55363084989193
1913.0753717308774	74.53421755257722
1913.0814345993779	74.5131871770805
1913.0874974678782	74.49053031440668
1913.0935603363787	74.46623754672201
1913.0996232048792	74.4403004253411
1913.1117489418803	74.38346186018775
1913.1178118103805	74.35254478892973
1913.123874678881	74.31995210689377
1913.136000415882	74.24970865551678
1913.1420632843826	74.2120422586902
1913.148126152883	74.17266899611448
1913.160251889884	74.08877061874448
1913.1663147583845	74.04422986119972
1913.172377626885	73.99795186309775
1913.1845033638858	73.90016153224111
1913.1905662323863	73.84863798529925
1913.1966291008869	73.79535470789021
1913.2087548378877	73.68348653329623
1913.2148177063882	73.62489042192405
1913.2208805748887	73.56451215171029
1913.2330063118898	73.43838670638357
1913.2572577858916	73.16451743460425
1913.2633206543921	73.09152568767031
1913.2693835228927	73.01671856755682
1913.2815092598935	72.86164705980791
1913.3057607338953	72.52959693833866
1913.3118236023959	72.44200417006141
1913.3178864708964	72.35257408733116
1913.3300122078974	72.16820205362687
1913.3542636818993	71.77742704760236
1913.3603265503998	71.67514696187607
1913.3663894189	71.57103352348736
1913.3785151559011	71.35730895077398
1913.402766629903	70.90789707389293
1913.451269577907	69.92203695619499
1913.457848401123	69.77947380916028
1913.4644272243395	69.63481587127144
1913.477584870772	69.33925107573955
1913.5039001636371	68.72342749221544
1913.5565307493673	67.39545330003529
1913.5631095725837	67.22066631293842
1913.5696883957999	67.04397657163686
1913.5828460422324	66.6849526921262
1913.6091613350975	65.94477440541897
1913.6617919208277	64.37987376175724
1913.668370744044	64.17672984632763
1913.6749495672602	63.971981443602765
1913.6881072136928	63.5577544988189
1913.7144225065579	62.71103467194037
1913.7670530922883	60.950022538790236
1913.8723142637486	57.20487664013237
1913.8784524090277	56.97913872947507
1913.8845905543067	56.7527416691459
1913.8968668448647	56.29806601810942
1913.9214194259807	55.38186002498519
1913.9705245882128	53.527410114027475
1914.0687349126772	49.77294261480958
1914.0748730579562	49.53791151724689
1914.0810112032352	49.302969547139924
1914.0932874937932	48.8334399005098
1914.1178400749093	47.89640254899419
1914.1669452371414	46.03496077803879
1914.2651555616058	42.39618155426266
1914.2718096616006	42.15500399047747
1914.2784637615953	41.91461571628261
1914.291771961585	41.43628132932487
1914.3183883615643	40.48983320419642
1914.3716211615229	38.64125333288288
1914.47808676144	35.14381416806827
1914.4847408614346	34.934767278007826
1914.4913949614295	34.7268901190534
1914.504703161419	34.31466412506398
1914.5313195613983	33.50445933617556
1914.5845523613568	31.942027621718214
1914.691017961274	29.05279837157185
1914.6972313833317	28.89390687991373
1914.7034448053892	28.73608248457801
1914.7158716495042	28.423626860294466
1914.7407253377344	27.811431419224316
1914.7904327141948	26.637406146238167
1914.7966461362525	26.49531924005229
1914.80285955831	26.354258551061026
1914.815286402425	26.07520289872657
1914.8401400906553	25.52926030805082
1914.8898474671157	24.485162037376796
1914.8960608891734	24.359049871475364
1914.902274311231	24.233901313250385
1914.914701155346	23.986476320183364
1914.9395548435762	23.502984099685758
1914.9892622200366	22.580378400546945
1915.0886769729575	20.903816844243664
1915.094768594629	20.808045447668256
1915.1008602163001	20.713048112013134
1915.1130434596428	20.52535620987155
1915.137409946328	20.159047455094335
1915.1861429196986	19.461647155817804
1915.19223454137	19.377680348051303
1915.1983261630412	19.294410538274185
1915.2105094063838	19.129942782370417
1915.234875893069	18.809161873372506
1915.2836088664396	18.199187205539157
1915.289700488111	18.12581232958047
1915.2957921097823	18.053060395095436
1915.307975353125	17.909407284710962
1915.3323418398102	17.629383153503934
1915.3810748131807	17.097500570725305
1915.4785407599218	16.13892960710515
1915.4851483363088	16.078712852493634
1915.491755912696	16.019074546891154
1915.5049710654703	15.901514805923776
1915.5314013710188	15.673133467413388
1915.5842619821155	15.242302109907998
1915.5908695585028	15.190794701741142
1915.59747713489	15.139794802410794
1915.610692287664	15.039300836313211
1915.6371225932126	14.844219450106468
1915.6899832043096	14.476799962258141
1915.6965907806966	14.432931363664604
1915.7031983570837	14.38950780831111
1915.716413509858	14.303980844109768
1915.7428438154063	14.138106097519147
1915.7957044265033	13.82633444670132
1915.901425648697	13.276962217003188
1915.907592547147	13.247774299500064
1915.913759445597	13.21888697300025
1915.9260932424966	13.1620050751581
1915.950760836296	13.05174938669883
1916.000096023895	12.84481517327504
1916.0062629223448	12.820184017576256
1916.0124298207945	12.795821106013335
1916.0247636176944	12.74789240933032
1916.0494312114938	12.655170279982348
1916.0987663990925	12.481859263886369
1916.1049332975424	12.461300642350217
1916.1111001959923	12.440982311053245
1916.123433992892	12.40106013372256
1916.1481015866914	12.32402902193402
1916.1974367742903	12.1808664826585
1916.2036036727402	12.163964384424766
1916.20977057119	12.147278505117125
1916.2221043680897	12.11455006235902
1916.2467719618892	12.051629053823797
1916.2961071494879	11.935631817822427
1916.3027900026536	11.920900650763716
1916.3094728558192	11.906399023728568
1916.3228385621505	11.87807872348573
1916.3495699748132	11.824130274607489
1916.3562528279788	11.811195764034814
1916.3629356811446	11.79847946099928
1916.376301387476	11.77369581129646
1916.4030328001384	11.726684704237309
1916.4097156533041	11.715456447782145
1916.4163985064697	11.704435533629391
1916.429764212801	11.683011023940205
1916.4564956254637	11.64259832099101
1916.4631784786293	11.632995844918932
1916.469861331795	11.623591294567499
1916.4832270381262	11.605371262735705
1916.5099584507889	11.571254516520272
1916.5166413039547	11.563202510148429
1916.5233241571202	11.55533919525968
1916.5366898634516	11.54017474469955
1916.5634212761142	11.512067276190091
1916.5701041292798	11.505497523302754
1916.5767869824454	11.499108667235806
1916.5901526887767	11.486869747811838
1916.6168841014394	11.464519795544954
1916.6235669546052	11.459369932962058
1916.6302498077707	11.454393187270712
1916.643615514102	11.44495571202051
1916.6502983672676	11.440493377307495
1916.6569812204334	11.43620090724467
1916.6703469267648	11.42812234919596
1916.6770297799303	11.424334655273269
1916.6837126330959	11.420713614127148
1916.6970783394272	11.413968278291003
1916.703761192593	11.410842377664169
1916.7104440457585	11.407879917940289
1916.72380975209	11.40244210932778
1916.7303708048694	11.400008863023311
1916.7369318576486	11.397730072472756
1916.7434929104281	11.395604986447353
1916.7500539632076	11.393632941010932
1916.7566150159869	11.391813314448125
1916.7631760687664	11.390145484411864
1916.7697371215459	11.388628828555081
1916.7762981743251	11.387262724530709
1916.7828592271046	11.386046549991677
1916.789420279884	11.384979682590922
1916.7959813326634	11.38406149998137
1916.8025423854428	11.383291379815956
1916.8091034382223	11.382668699747612
1916.8156644910016	11.382192837429267
1916.822225543781	11.381863170513856
1916.8287865965606	11.38167907665431
1916.8353476493398	11.38163993350356
1916.8419087021193	11.38174511871454
1916.8484697548988	11.381994009940179
1916.855030807678	11.38238598549386
1916.8615918604576	11.382920471574154
1916.868152913237	11.38359695992368
1916.8747139660165	11.384414945032544
1916.8812750187958	11.38537392139085
1916.8878360715753	11.3864733834887
1916.8943971243548	11.387712825816207
1916.900958177134	11.38909174286347
1916.9075192299135	11.390609629120595
1916.914080282693	11.392265979077687
1916.9206413354723	11.394060287224853
1916.9337634410313	11.398060756049821
1916.9403244938105	11.400265905707833
1916.94688554659	11.40260699151634
1916.9600076521488	11.40769494954525
1916.9665687049282	11.410440810745863
1916.9731297577077	11.413320602661605
1916.9862518632665	11.419480313805693
1916.992812916046	11.422759421420848
1916.9993739688252	11.426170822552704
1917.0124960743842	11.433388881830407
1917.0387402855017	11.449394663688922
1917.0453013382812	11.453720754684863
1917.0518623910607	11.458175892125267
1917.0649844966194	11.467471682803353
1917.0912287077372	11.487593952927964
1917.0977897605164	11.492941132159652
1917.104350813296	11.498414293245421
1917.1174729188547	11.50973732207202
1917.1437171299724	11.533881533995203
1917.1498375048145	11.539797765161934
1917.1559578796569	11.545821485147247
1917.168198629341	11.558190385911146
1917.1926801287098	11.584206990974801
1917.2416431274469	11.641299305645301
1917.247763502289	11.64890554093572
1917.2538838771313	11.656615506882275
1917.2661246268156	11.672345918899975
1917.2906061261842	11.705043680527016
1917.3395691249214	11.775347090893773
1917.3456894997635	11.784591661367807
1917.3518098746056	11.793937115122707
1917.36405062429	11.81292996063127
1917.3885321236587	11.852118619757961
1917.4374951223958	11.935279104115411
1917.5354211198703	12.120523693914317
1917.5420574494283	12.133981657055262
1917.5486937789863	12.147553757874494
1917.5619664381022	12.17504004119921
1917.588511756334	12.23137861515366
1917.6416023927975	12.3495012367621
1917.747783665725	12.60739861560183
1917.754419995283	12.624472717183004
1917.7610563248409	12.64165907029647
1917.7743289839566	12.676368424896125
1917.8008743021885	12.74713298401693
1917.853964938652	12.894041835526354
1917.9601462115793	13.209408022600968
1917.9663418632001	13.228698178802409
1917.9725375148207	13.248086485680751
1917.9849288180621	13.287157762338767
1918.009711424545	13.36648044335425
1918.0592766375105	13.529858124936167
1918.1584070634417	13.87564094413846
1918.1646027150623	13.898099453800222
1918.170798366683	13.920658108473623
1918.1831896699243	13.966076186993318
1918.2079722764072	14.058117759690152
1918.2575374893727	14.247041291184106
1918.356667915304	14.644423741780612
1918.3627417665382	14.669626344010847
1918.3688156177727	14.694928248590486
1918.3809633202416	14.745830383974601
1918.4052587251795	14.84883089463631
1918.453849535055	15.05964345876147
1918.5510311548062	15.500747448286996
1918.7453943943087	16.46284830943517
1918.7519842002591	16.49737946613849
1918.7585740062093	16.53203814454222
1918.7717536181099	16.601738975139806
1918.7981128419108	16.742680892316994
1918.8508312895128	17.030776637172576
1918.956268184717	17.632225043468527
1919.167141975125	18.939682242267434
1919.173291103138	18.979965231590576
1919.179440231151	19.020373157489853
1919.191738487177	19.10156472080022
1919.216334999229	19.26545700595193
1919.265528023333	19.599328848779024
1919.3639140715409	20.29184645454934
1919.5606861679566	21.779489006595586
1919.5675504402047	21.833930411017988
1919.5744147124528	21.88854711033982
1919.588143256949	21.998307827788153
1919.6156003459416	22.219948894475777
1919.6705145239266	22.67179334675034
1919.7803428798966	23.610402045568968
1919.7872071521447	23.670637656015803
1919.794071424393	23.731060564029963
1919.8077999688892	23.852469806725495
1919.8352570578816	24.097552736541118
1919.8901712358668	24.596862289934094
1919.8970355081149	24.66014070412297
1919.903899780363	24.723612568012275
1919.9176283248592	24.85113819426177
1919.9450854138518	25.108527886233077
1919.9519496860999	25.17336474361356
1919.958813958348	25.238398149433955
1919.9725425028441	25.36905615576438
1919.9794067750925	25.434681530959296
1919.9862710473406	25.500505003963898
1919.9931353195886	25.566526962120662
1919.9999995918367	25.632747792772065