1900.0000004081633	3.8570000549739047
1900.0061343584111	3.857853290129359
1900.012268308659	3.8587605227608237
1900.024536209155	3.8607379029601856
1900.030670159403	3.8618083777659447
1900.0368041096508	3.8629336047211473
1900.0490720101466	3.8653490226196374
1900.0552059603947	3.866639567332802
1900.0613399106426	3.867985571735163
1900.0736078111383	3.8708446691095415
1900.0981436121301	3.8772365517956673
1900.104277562378	3.8789760264757414
1900.110411512626	3.8807724986584384
1900.122679413122	3.884537233179134
1900.1472152141134	3.8927598553112097
1900.1533491643615	3.894961194927072
1900.1594831146094	3.8972212463417564
1900.1717510151052	3.9019183781871396
1900.196286816097	3.9120274649076237
1900.2024207663449	3.914705070086473
1900.2085547165927	3.9174432928044736
1900.2208226170887	3.923102593906183
1900.2453584180803	3.93516005512744
1900.2514923683282	3.938329904247927
1900.2576263185763	3.9415624793041437
1900.269894219072	3.9482169009373425
1900.2944300200638	3.962291160721432
1900.3005639703117	3.965970932033186
1900.3066979205596	3.9697157840367914
1900.3189658210554	3.9774019264106726
1900.3435016220471	3.9935685617007195
1900.3925732240307	4.029154544231724
1900.3992231289944	4.034317985276055
1900.405873033958	4.039564242953348
1900.4191728438855	4.050307184179537
1900.4457724637405	4.072808601927371
1900.4989717034503	4.121986370171609
1900.505621608414	4.128535459744524
1900.5122715133778	4.135175714358345
1900.5255713233053	4.148731955588028
1900.55217094316	4.176963574404814
1900.6053701828698	4.238043490222607
1900.6120200878336	4.246123738842615
1900.6186699927973	4.254305196335968
1900.6319698027248	4.2709745850262
1900.6585694225796	4.305559186805257
1900.7117686622896	4.379875925809132
1900.7184185672534	4.3896634953424325
1900.725068472217	4.399564438559051
1900.7383682821444	4.419709701597627
1900.7649679019994	4.46139669502207
1900.8181671417092	4.550559351734368
1900.8243763687356	4.561486041253864
1900.8305855957622	4.572524123689785
1900.8430040498151	4.5949375491589155
1900.8678409579209	4.641137066004528
1900.9175147741325	4.73922569339135
1900.9237240011591	4.752037515112439
1900.9299332281855	4.764974700704041
1900.9423516822385	4.791229165048888
1900.9671885903444	4.845287248522839
1901.0168624065561	4.959830310471472
1901.0230716335825	4.974770911925224
1901.029280860609	4.989853585411821
1901.041699314662	5.020449894411857
1901.0665362227678	5.083399582017444
1901.1162100389795	5.216593767428156
1901.215557671403	5.514491370133152
1901.2216450980432	5.534207788036901
1901.2277325246835	5.554101878292442
1901.2399073779638	5.5944290071805804
1901.2642570845248	5.67728057771683
1901.3129564976466	5.852113933214298
1901.319043924287	5.874856512139549
1901.3251313509272	5.897802318898383
1901.3373062042076	5.944310585745365
1901.3616559107684	6.039842521556533
1901.4103553238904	6.241361600073078
1901.4164427505305	6.267568200290571
1901.4225301771708	6.294007576098557
1901.4347050304511	6.347592993955077
1901.4590547370121	6.457648870913766
1901.507754150134	6.6897680154719925
1901.6051529763774	7.206090764989584
1901.6117563577336	7.2437982602928335
1901.6183597390896	7.281867382208711
1901.6315665018017	7.359104630623373
1901.6579800272257	7.518074018999518
1901.710807078074	7.854793905953161
1901.71741045943	7.89871759521826
1901.724013840786	7.943061751932315
1901.7372206034981	8.033027212332609
1901.7636341289221	8.218180511460742
1901.8164611797704	8.610311892844738
1901.8230645611263	8.661458453486713
1901.8296679424825	8.713093114667046
1901.8428747051944	8.817844929266991
1901.8692882306186	9.033407850143236
1901.9221152814669	9.489832857897401
1902.0277693831633	10.5128351060419
1902.033932086582	10.577382883615522
1902.0400947900007	10.642496475895067
1902.0524201968383	10.774439116094662
1902.0770710105132	11.04531392821484
1902.1263726378634	11.616062316654219
1902.1325353412822	11.690216100475443
1902.138698044701	11.76501019093466
1902.1510234515385	11.916538518873313
1902.1756742652135	12.227490371553902
1902.2249758925636	12.882057170231045
1902.2311385959824	12.967034755302203
1902.2373012994012	13.052730029266671
1902.2496267062388	13.226292931096234
1902.2742775199138	13.582243655926863
1902.323579147264	14.330518886724274
1902.4221824019642	15.980897045111387
1902.4288610600988	16.10044131228449
1902.4355397182333	16.22099973991977
1902.4488970345026	16.465178718989744
1902.4756116670408	16.965920082912774
1902.5290409321174	18.017926122492163
1902.6358994622703	20.3302908926325
1902.642578120405	20.48420851026563
1902.6492567785394	20.639238812089918
1902.6626140948085	20.952638112203328
1902.689328727347	21.592789877065222
1902.7427579924233	22.926252744322266
1902.8496165225765	25.80017976241468
1902.856173380325	25.985142060540536
1902.862730238073	26.171059073631508
1902.8758439535698	26.545719450406565
1902.902071384563	27.30607401687109
1902.9545262465497	28.868557973397472
1903.0594359705228	32.1366264404723
1903.2692554184694	38.97627931544053
1903.2753715982803	39.17585218634834
1903.2814877780913	39.37517239765052
1903.2937201377135	39.772962264163866
1903.3181848569577	40.56448830288583
1903.3671142954463	42.12601065066375
1903.4649731724235	45.120172598167414
1903.4710893522345	45.29992458541982
1903.4772055320454	45.47866926966607
1903.4894378916676	45.833046633541834
1903.5139026109118	46.5287239171324
1903.5628320494004	47.86294659297668
1903.5689482292114	48.02396204040919
1903.5750644090226	48.1836311004519
1903.5872967686446	48.49885389684311
1903.611761487889	49.11230629590694
1903.6606909263774	50.267303094304296
1903.6673230609042	50.41612429994724
1903.673955195431	50.56303952825607
1903.687219464485	50.85108095488763
1903.7137480025924	51.403512927499506
1903.7203801371193	51.536597627569876
1903.7270122716461	51.66764415789511
1903.7402765406998	51.923566569913326
1903.7668050788072	52.4103422022146
1903.773437213334	52.52674231917958
1903.780069347861	52.64100421877468
1903.7933336169147	52.86307279545059
1903.8198621550223	53.28111663896392
1903.8264942895491	53.38014609680208
1903.833126424076	53.47697032394313
1903.8463906931297	53.663978179463285
1903.8729192312371	54.01127289385374
1903.879551365764	54.092509542309436
1903.8861835002908	54.1715071438225
1903.8994477693445	54.322776931318586
1903.9060799038714	54.395044979950505
1903.9127120383982	54.46506570950607
1903.925976307452	54.598364122142954
1903.9326084419788	54.66164572423126
1903.9392405765057	54.72268513106229
1903.9525048455596	54.838045981641
1903.9591369800864	54.892371736732905
1903.9657691146133	54.94446391925599
1903.979033383667	55.041957447822845
1903.9856655181939	55.0873678957201
1903.9922976527207	55.130561990728175
1903.9989297872476	55.171545686532966
1904.0055619217744	55.21032493682037
1904.0121940563013	55.2469056952763
1904.0188261908281	55.28129391558664
1904.0320904598818	55.34351657465456
1904.0387225944087	55.37136421642203
1904.0453547289355	55.397047579662825
1904.0519868634624	55.420575896325865
1904.0586189979892	55.44195839836006
1904.065251132516	55.461204317714326
1904.0718832670432	55.47832288633758
1904.07851540157	55.49332333617873
1904.0851475360969	55.5062148991867
1904.0913389926864	55.51635468347568
1904.097530449276	55.52467304208383
1904.1037219058655	55.53117963360312
1904.1099133624552	55.535884170696406
1904.1161048190447	55.53879636602655
1904.1222962756344	55.53992593225642
1904.1284877322241	55.539282582048884
1904.1346791888136	55.53687602806679
1904.1408706454033	55.53271598297301
1904.1470621019928	55.5268121594304
1904.1532535585825	55.519174439230085
1904.159445015172	55.50981387480686
1904.1656364717617	55.49874191070557
1904.1718279283511	55.48596998259021
1904.1780193849409	55.471509526124784
1904.1842108415306	55.45537197697329
1904.19040229812	55.437568770799736
1904.1965937547097	55.41811134326812
1904.2027852112992	55.39701113004244
1904.208976667889	55.37427956870755
1904.2151681244784	55.34992857043138
1904.221359581068	55.32397081004467
1904.2337424942473	55.26728577401519
1904.239933950837	55.23658388391022
1904.2461254074265	55.20432600277029
1904.2585083206056	55.135193038461104
1904.2832741469642	54.97881686440108
1904.2894656035537	54.936027150402
1904.2956570601434	54.89178618825309
1904.3080399733226	54.79900458268069
1904.332805799681	54.59662126777196
1904.3389972562707	54.542600859320004
1904.3451887128601	54.487238432707954
1904.3575716260393	54.3725433240318
1904.382337452398	54.12766267806938
1904.3885289089874	54.063296733700774
1904.394720365577	53.99770058096889
1904.4071032787563	53.86287395007617
1904.4318691051146	53.57907671286945
1904.4814007578316	52.95804980173852
1904.4874704140348	52.87731424339169
1904.4935400702382	52.79561114160018
1904.505679382645	52.62935455730865
1904.5299580074584	52.28580204052189
1904.5785152570852	51.55738315466657
1904.675629756339	49.95739284823202
1904.6816994125425	49.85189573623761
1904.6877690687459	49.745820551071944
1904.6999083811525	49.53198144045565
1904.724187005966	49.09785161778306
1904.772744255593	48.2061291487821
1904.8698587548467	46.346762040269944
1905.2913378536732	37.84016657500322
1905.684613564515	30.37766846518969
1905.6912744522128	30.26002682954781
1905.6979353399104	30.142716219536073
1905.711257115306	29.909093539471332
1905.7379006660967	29.44587498051291
1905.7911877676784	28.535762322633044
1905.8977619708417	26.78222946611554
1905.9044228585392	26.675625406242546
1905.911083746237	26.569375364322507
1905.9244055216325	26.357938172417114
1905.9510490724233	25.939321222875527
1906.0043361740047	25.11915282299645
1906.110910377168	23.5469826942027
1906.1174494644795	23.45346600235329
1906.123988551791	23.36028837033103
1906.1370667264139	23.174949098791622
1906.1632230756597	22.808325712460586
1906.2155357741515	22.091202250482013
1906.320161171135	20.72056299321851
1906.3267002584464	20.637674025231146
1906.3332393457579	20.55510802999477
1906.3463175203808	20.390942250959192
1906.3724738696267	20.066455848478977
1906.4247865681184	19.432706213864513
1906.5294119651016	18.224782793665373
1906.535510374476	18.15677436127104
1906.54160878385	18.08902613378477
1906.5538056025985	17.954307568637752
1906.5781992400953	17.68796285456792
1906.626986515089	17.16749023737361
1906.7245610650762	16.174182150160657
1906.7306594744505	16.11415981811795
1906.7367578838246	16.054375533919664
1906.748954702573	15.935518283631769
1906.7733483400698	15.700629277518226
1906.8221356150634	15.241993827731509
1906.9197101650507	14.368014681315483
1906.9263245291406	14.310803399795745
1906.9329388932306	14.253845297591411
1906.9461676214107	14.140685026716675
1906.9726250777708	13.917362988216974
1907.0255399904906	13.482511087968462
1907.1313698159308	12.658380752707728
1907.1379841800208	12.608827778868955
1907.1445985441107	12.559499583143777
1907.1578272722907	12.461514125643879
1907.1842847286507	12.268203143713565
1907.2371996413708	11.892030490272237
1907.3430294668108	11.179978182014969
1907.3492031529636	11.140044500073117
1907.3553768391164	11.100283486577801
1907.3677242114218	11.021276809788088
1907.3924189560328	10.865306718135171
1907.4418084452548	10.561399387971015
1907.5405874236985	9.984597553294916
1907.5467611098513	9.949876773020883
1907.5529347960041	9.915308832397201
1907.5652821683095	9.846629144162787
1907.5899769129205	9.711078258179205
1907.6393664021425	9.44708019562043
1907.7381453805863	8.946477338019951
1907.7448350214547	8.913853131240819
1907.7515246623234	8.881387263875082
1907.7649039440605	8.816927815105338
1907.7916625075345	8.689878935463568
1907.845179634483	8.443111975602164
1907.9522138883797	7.977771152250176
1907.9589035292481	7.949891246459252
1907.9655931701168	7.9221493524845465
1907.978972451854	7.867077316262764
1908.005731015328	7.758564264682568
1908.0592481422764	7.54793435659845
1908.166282396173	7.151252133492213
1908.1728502366552	7.12794090609951
1908.1794180771376	7.10474578742165
1908.1925537581021	7.05870191795344
1908.2188251200314	6.967985942767998
1908.2713678438897	6.791933441765029
1908.3764532916066	6.460544787143156
1908.383021132089	6.440718906207039
1908.3895889725711	6.420994663118179
1908.4027246535359	6.381849512037045
1908.4289960154651	6.304761501144861
1908.4815387393235	6.15530625151059
1908.5866241870403	5.874579695533605
1908.5927513495853	5.858935238771234
1908.5988785121303	5.843368701865183
1908.6111328372203	5.812468249155391
1908.6356414874006	5.7515898588786305
1908.684658787761	5.633459394771364
1908.7826933884817	5.4112327981586095
1908.7888205510267	5.397947446786982
1908.7949477135717	5.384731657895376
1908.8072020386617	5.358507784819938
1908.831710688842	5.306883978374243
1908.8807279892021	5.2068778705735195
1908.9787625899228	5.019448678254374
1908.9854057071836	5.00733905802779
1908.9920488244445	4.995303016123713
1909.0053350589662	4.97145062721545
1909.0319075280097	4.924617348525208
1909.0850524660964	4.834381355931256
1909.1913423422698	4.667247931436644
1909.1979854595306	4.65737777692292
1909.2046285767915	4.647574094338696
1909.2179148113132	4.6281653078515745
1909.2444872803565	4.59013634066671
1909.2976322184431	4.517194815296195
1909.4039220946167	4.383490882627444
1909.4101245339402	4.376179673065313
1909.416326973264	4.368921772480356
1909.428731851911	4.354565450077087
1909.4535416092053	4.326488183097062
1909.503161123794	4.272855075435184
1909.5093635631176	4.266385572221235
1909.5155660024411	4.259967911288524
1909.5279708810883	4.247287757605964
1909.5527806383827	4.222545612346306
1909.6024001529713	4.175513885240957
1909.6086025922948	4.169863103147235
1909.6148050316185	4.164262765446079
1909.6272099102655	4.153213232393351
1909.65201966756	4.131717399895791
1909.7016391821485	4.091127983008735
1909.7078416214722	4.086278586375356
1909.7140440607957	4.081478870825418
1909.726448939443	4.072028292148656
1909.7512586967373	4.053721208697155
1909.8008782113259	4.019472677025404
1909.806958850263	4.015491806782545
1909.8130394892005	4.011558062605785
1909.825200767075	4.003831943695827
1909.8495233228246	3.988945122366945
1909.855603961762	3.9853411993696897
1909.8616846006992	3.981784384929049
1909.873845878574	3.974812072962867
1909.8981684343232	3.9614326554077044
1909.9042490732606	3.958205539580164
1909.9103297121978	3.955025514799752
1909.9224909900727	3.9488067296255696
1909.946813545822	3.9369341555405724
1909.9954586573208	3.9154486409212534
1910.001539296258	3.9129749539213905
1910.0076199351954	3.910548497628504
1910.01978121307	3.9058374615105462
1910.0441037688195	3.8969841855740532
1910.0501844077567	3.894889634658178
1910.056265046694	3.8928426831430425
1910.0684263245687	3.888891762661873
1910.0927488803181	3.881563142324106
1910.0988295192556	3.8798506770423193
1910.1049101581928	3.8781861798550348
1910.1170714360676	3.8750012741108537
1910.1231520750048	3.8734809577273985
1910.1292327139422	3.8720087937853265
1910.1413939918168	3.869209107572216
1910.1474746307542	3.8678816774746174
1910.1535552696914	3.866602584165284
1910.1657165475663	3.8641895922364875
1910.1717971865035	3.8630557851368934
1910.1778778254409	3.861970537540407
1910.1900391033155	3.8599461324940725
1910.1966356969688	3.8589297613855305
1910.2032322906218	3.8579710348840335
1910.2098288842749	3.8570700843807866
1910.2164254779282	3.856227041266994
1910.2230220715812	3.8554420369338613
1910.2296186652345	3.854715202772594
1910.2362152588876	3.854046670174396
1910.2428118525406	3.853436570530472
1910.249408446194	3.852885035232028
1910.256005039847	3.8523921956702685
1910.2626016335	3.851958183236398
1910.2691982271533	3.851583129321622
1910.2757948208064	3.851267165317145
1910.2823914144594	3.851010422614172
1910.2889880081127	3.8508130326039085
1910.2955846017658	3.8506751266775585
1910.302181195419	3.850596836226328
1910.308777789072	3.850578292641421
1910.3153743827252	3.8506196273140425
1910.3219709763785	3.8507209716353983
1910.3285675700315	3.8508824569966924
1910.3351641636846	3.85110421478913
1910.3417607573379	3.851386376403916
1910.348357350991	3.8517290732322556
1910.354953944644	3.852132435552663
1910.3615505382973	3.8525965995048677
1910.3681471319503	3.8531217703928484
1910.3747437256036	3.853708168289019
1910.3813403192567	3.8543560132657926
1910.3879369129097	3.8550655253955823
1910.401130100216	3.856670431403868
1910.407726693869	3.8575662654271907
1910.4143232875224	3.8585246468931844
1910.4275164748285	3.860629932442841
1910.4341130684818	3.861777276671331
1910.4407096621349	3.862988048632147
1910.4539028494412	3.8656007560404113
1910.4604994430942	3.867003131632687
1910.4670960367475	3.8684698152469434
1910.4802892240536	3.8715969868310522
1910.5066755986663	3.8786327094492377
1910.5132721923194	3.88055571124494
1910.5198687859727	3.8825447816419323
1910.5330619732788	3.8867220085294405
1910.5594483478915	3.8958791859092483
1910.5660449415445	3.8983373531543366
1910.5726415351976	3.900863727079501
1910.585834722504	3.9061224229194136
1910.6122210971166	3.9174729022030483
1910.6183770128323	3.9202825255783282
1910.6245329285482	3.9231538406729634
1910.63684475998	3.929082625216253
1910.6614684228437	3.941692366090599
1910.6676243385593	3.945003077592407
1910.6737802542752	3.9483776392054812
1910.686092085707	3.955319391961384
1910.7107157485707	3.9699809699639035
1910.7168716642864	3.973810036727535
1910.7230275800023	3.9777051119943447
1910.735339411434	3.985694354937434
1910.7599630742977	4.002478659803658
1910.8092104000248	4.039357051117872
1910.8153663157404	4.044284698618441
1910.8215222314564	4.049284270858359
1910.8338340628882	4.059500739620444
1910.8584577257518	4.0808138247230445
1910.9077050514788	4.127047388837498
1910.9138609671945	4.1331723340938
1910.9200168829104	4.139375392849972
1910.9323287143422	4.152017637624027
1910.9569523772057	4.178261778285338
1911.0061997029327	4.234710236082684
1911.0128715733645	4.242775475999529
1911.0195434437962	4.250942570277066
1911.0328871846596	4.267585085738504
1911.0595746663862	4.302122771056834
1911.1129496298397	4.376363512201963
1911.1196215002713	4.386141544869924
1911.126293370703	4.396032972209843
1911.1396371115663	4.416159829466523
1911.1663245932932	4.457816284214041
1911.2196995567465	4.546953994059953
1911.2263714271783	4.55866089830831
1911.2330432976098	4.570496471472501
1911.2463870384734	4.594557443109353
1911.2730745202	4.644265417543719
1911.3264494836535	4.750245206841943
1911.4331994105603	4.990651924100823
1911.4397494806058	5.006728745988076
1911.4462995506512	5.02296640051025
1911.459399690742	5.055929159087281
1911.4855999709239	5.123839297173144
1911.5380005312873	5.267930128264755
1911.5445506013327	5.286748555161625
1911.5511006713782	5.305751782039895
1911.5642008114692	5.34431917624887
1911.5904010916508	5.423743510034173
1911.6428016520144	5.5921168472766025
1911.6493517220597	5.6140892060028715
1911.6559017921052	5.636273666647995
1911.6690019321961	5.681287241496544
1911.6952022123778	5.7739514400389345
1911.7476027727414	5.970295509401858
1911.8524038934684	6.410902901321317
1911.8585132855765	6.438715966620533
1911.8646226776848	6.46677675710488
1911.876841461901	6.523649884649004
1911.9012790303339	6.640460923178926
1911.9501541671993	6.886841738355937
1911.9562635593074	6.918883291320148
1911.9623729514155	6.95120963285725
1911.974591735632	7.016726707697742
1911.9990293040646	7.151288606777617
1912.04790444093	7.435092151763042
1912.0540138330382	7.471996828311641
1912.0601232251465	7.509228771532753
1912.0723420093627	7.584686109101019
1912.0967795777956	7.739656146500924
1912.1456547146609	8.066478603518677
1912.2434049883918	8.793423055830678
1912.2500303352158	8.846493171134426
1912.2566556820398	8.900071256744832
1912.2699063756877	9.008770106255046
1912.2964077629836	9.232469890018407
1912.3494105375755	9.70616841364962
1912.3560358843995	9.76794609703388
1912.3626612312235	9.83031110489259
1912.3759119248714	9.956823785287376
1912.4024133121673	10.217125371477586
1912.455416086759	10.768061952362624
1912.4620414335832	10.839881876393719
1912.4686667804071	10.912376651532771
1912.481917474055	11.059413152221484
1912.508418861351	11.361835674527958
1912.5614216359427	12.001401885889521
1912.6674271851264	13.430089072675182
1912.6736118540132	13.519994531880462
1912.6797965228998	13.610653640337626
1912.6921658606732	13.794251805819936
1912.7169045362202	14.170700936742746
1912.7663818873139	14.961674613873498
1912.7725665562007	15.064208105933508
1912.7787512250873	15.167570277559106
1912.7911205628607	15.376797656254782
1912.8158592384077	15.805383532658738
1912.8653365895013	16.704029804757127
1912.8715212583882	16.820328161918596
1912.8777059272747	16.93751991199606
1912.8900752650482	17.174596712941813
1912.9148139405952	17.659615372296436
1912.9642912916888	18.673830521566508
1913.0632459938763	20.88294072837045
1913.0693088623768	21.026212656561782
1913.0753717308774	21.17040147473357
1913.0874974678782	21.461530517008942
1913.1117489418803	22.05478181742563
1913.160251889884	23.284868895010803
1913.2572577858916	25.914459787351394
1913.451269577907	31.762510921325298
1913.457848401123	31.971713428682232
1913.4644272243395	32.18145880934697
1913.477584870772	32.602496888548885
1913.5039001636371	33.45015651908669
1913.5565307493673	35.16293833518367
1913.6617919208277	38.615153928486926
1913.668370744044	38.830239943019826
1913.6749495672602	39.045080158534425
1913.6881072136928	39.47391118026978
1913.7144225065579	40.327358396940284
1913.7670530922883	42.010789664080264
1913.8723142637486	45.2306376108638
1913.8784524090277	45.41041456994972
1913.8845905543067	45.58916266264224
1913.8968668448647	45.94348260355163
1913.9214194259807	46.638789990400554
1913.9705245882128	47.971190390110145
1913.9766627334918	48.13187918893878
1913.9828008787708	48.29119753703086
1913.995077169329	48.60564362175168
1914.0196297504451	49.21727050662718
1914.0687349126772	50.367530901222715
1914.0748730579562	50.50415030379713
1914.0810112032352	50.63912855216911
1914.0932874937932	50.904103459939265
1914.1178400749093	51.413727684107585
1914.1239782201883	51.536825458131084
1914.1301163654673	51.65817764134689
1914.1423926560253	51.89560120241754
1914.1669452371414	52.34901703964291
1914.1730833824204	52.457844440945316
1914.1792215276994	52.564844266040126
1914.1914978182574	52.77333191502966
1914.2160503993737	53.168054300167576
1914.2221885446527	53.26205618376829
1914.2283266899317	53.354172451186614
1914.2406029804897	53.532731397765644
1914.2651555616058	53.867053210037376
1914.2718096616006	53.95240061477502
1914.2784637615953	54.035496701374925
1914.291771961585	54.19491863291678
1914.2984260615797	54.271241623660714
1914.3050801615746	54.34530573769971
1914.3183883615643	54.486656784852954
1914.325042461559	54.553943442562215
1914.3316965615538	54.61897067275658
1914.3450047615436	54.74224629678082
1914.3516588615382	54.80049584960233
1914.358312961533	54.856491007294046
1914.3716211615229	54.961735225224366
1914.3782752615175	55.010992829431075
1914.3849293615124	55.05801312644424
1914.3982375615021	55.14535888682613
1914.4048916614968	55.18569289416298
1914.4115457614917	55.223806684350265
1914.4248539614814	55.29339791726992
1914.431508061476	55.32489176474933
1914.438162161471	55.35419558206925
1914.4448162614658	55.381317731100275
1914.4514703614607	55.40626657371299
1914.4581244614553	55.429050471777984
1914.4647785614502	55.449677787165854
1914.471432661445	55.468156881747184
1914.47808676144	55.484496117392574
1914.4847408614346	55.49870424211276
1914.4913949614295	55.510792251605395
1914.4980490614244	55.520771839956524
1914.504703161419	55.528654693995655
1914.5113572614139	55.5344525005523
1914.5180113614088	55.53817694645596
1914.5246654614036	55.53983971853617
1914.5313195613983	55.53945250362242
1914.5379736613932	55.53702698854423
1914.544627761388	55.5325748601311
1914.551281861383	55.52610788602931
1914.5579359613776	55.51763926909136
1914.5645900613724	55.50718323020496
1914.5712441613673	55.494753983833796
1914.5778982613622	55.48036574444156
1914.5845523613568	55.46403272649195
1914.5912064613517	55.445769144448654
1914.5978605613466	55.42558921277537
1914.6045146613415	55.40350714593579
1914.611168761336	55.379537158393596
1914.617822861331	55.35369346743469
1914.6244769613259	55.325990971184105
1914.6377851613154	55.26507339185292
1914.6444392613103	55.23189023752352
1914.6510933613051	55.19691212591905
1914.6644015612947	55.121634888387234
1914.6710556612895	55.0813676912111
1914.6777097612844	55.039369394262266
1914.691017961274	54.95024357486249
1914.6972313833317	54.90631979352684
1914.7034448053892	54.86094331157295
1914.7158716495042	54.76588762210219
1914.7407253377344	54.55895297495091
1914.746938759792	54.5037952227115
1914.7531521818496	54.44729552243733
1914.7655790259646	54.330326499985006
1914.7904327141948	54.08090823682663
1914.7966461362525	54.015411371887524
1914.80285955831	53.948685956238066
1914.815286402425	53.811606210706955
1914.8401400906553	53.52332898642182
1914.8898474671157	52.89347534756059
1914.8960608891734	52.810021968423705
1914.902274311231	52.725566272479576
1914.914701155346	52.55370275231898
1914.9395548435762	52.19855060761059
1914.9892622200366	51.445606565114545
1915.0886769729575	49.7927069845242
1915.094768594629	49.68592803656544
1915.1008602163001	49.57858359649425
1915.1130434596428	49.36224306966754
1915.137409946328	48.92326870147429
1915.1861429196986	48.02250442452614
1915.2836088664396	46.14749695075747
1915.4785407599218	42.22799037916804
1915.901425648697	33.80481786249986
1915.907592547147	33.68792283429026
1915.913759445597	33.57126601058539
1915.9260932424966	33.33867578192113
1915.950760836296	32.87645014989798
1916.000096023895	31.964208634853847
1916.0987663990925	30.19121085847584
1916.2961071494879	26.866362131912346
1916.3027900026536	26.759128101583467
1916.3094728558192	26.652250439468805
1916.3228385621505	26.439564813755425
1916.3495699748132	26.018476513507114
1916.4030328001384	25.193464918713996
1916.5099584507889	23.61208510040622
1916.5166413039547	23.516275717727453
1916.5233241571202	23.42082101523409
1916.5366898634516	23.230973848228892
1916.5634212761142	22.855515904967852
1916.6168841014394	22.12144509202802
1916.72380975209	20.719774219324208
1916.7303708048694	20.636610273884347
1916.7369318576486	20.553771484989486
1916.7500539632076	20.389066825248246
1916.7762981743251	20.063528959063476
1916.8287865965606	19.427776572709078
1916.9337634410313	18.216237409224053
1916.9403244938105	18.143115367685628
1916.94688554659	18.070294265533118
1916.9600076521488	17.92555164808243
1916.9862518632665	17.639641814269353
1917.0387402855017	17.081932489447574
1917.1437171299724	16.02141342231317
1917.1498375048145	15.96178391616275
1917.1559578796569	15.902392344860088
1917.168198629341	15.78432013651441
1917.1926801287098	15.550999364875464
1917.2416431274469	15.095491576300443
1917.3395691249214	14.227719426583818
1917.3456894997635	14.175347163103586
1917.3518098746056	14.123189824514792
1917.36405062429	14.01951704873322
1917.3885321236587	13.814718963113204
1917.4374951223958	13.41515389614493
1917.5354211198703	12.65489085215765
1917.5420574494283	12.605189478476213
1917.5486937789863	12.55571432195982
1917.5619664381022	12.457439229849387
1917.588511756334	12.263565915307291
1917.6416023927975	11.88633465285542
1917.747783665725	11.172410495319426
1917.754419995283	11.129526382781457
1917.7610563248409	11.0868416520774
1917.7743289839566	11.002067091143953
1917.8008743021885	10.83487485598696
1917.853964938652	10.509738327188957
1917.9601462115793	9.89508419328999
1917.9663418632001	9.860635836717126
1917.9725375148207	9.82633979562781
1917.9849288180621	9.75820236868284
1918.009711424545	9.62373009720905
1918.0592766375105	9.361867575778223
1918.1584070634417	8.86544933283527
1918.1646027150623	8.835592934668757
1918.170798366683	8.805870969125085
1918.1831896699243	8.746828227088567
1918.2079722764072	8.630332737494872
1918.2575374893727	8.403583657378306
1918.356667915304	7.974146946481491
1918.3627417665382	7.94884426074925
1918.3688156177727	7.923655362234924
1918.3809633202416	7.87361711028596
1918.4052587251795	7.774886066882656
1918.453849535055	7.58270938237561
1918.5510311548062	7.218762433045014
1918.5571050060407	7.196890158730652
1918.5631788572753	7.175118299781578
1918.575326559744	7.131874226549016
1918.599621964682	7.0465743496460185
1918.6482127745576	6.880646286892737
1918.7453943943087	6.5668258768310865
1918.7519842002591	6.546388548576489
1918.7585740062093	6.5260557723791495
1918.7717536181099	6.485702242986809
1918.7981128419108	6.406231844025796
1918.8508312895128	6.2521462279124425
1918.956268184717	5.962668320683269
1918.962857990667	5.945375985395628
1918.9694477966175	5.928175602630733
1918.9826274085178	5.894049271701134
1919.008986632319	5.826884387465892
1919.061705079921	5.6968260432776825
1919.167141975125	5.453180745961337
1919.173291103138	5.43962825106881
1919.179440231151	5.4261465794186545
1919.191738487177	5.3993947108050016
1919.216334999229	5.346729907041098
1919.265528023333	5.244700584121786
1919.3639140715409	5.053442610763485
1919.3700631995537	5.04204071794818
1919.3762123275667	5.030702471242501
1919.3885105835927	5.00821607391784
1919.4131070956448	4.963997767920066
1919.4623001197488	4.8785349282924075
1919.5606861679566	4.71918918758404
1919.5675504402047	4.708634109707074
1919.5744147124528	4.6981510560338835
1919.588143256949	4.677400055462415
1919.6156003459416	4.636752514198126
1919.6705145239266	4.558831997350821
1919.6773787961747	4.549404545671167
1919.6842430684228	4.5400459220595035
1919.697971612919	4.521534389274766
1919.7254287019116	4.485328793101744
1919.7803428798966	4.416145146219854
1919.7872071521447	4.407796469880441
1919.794071424393	4.3995137977458265
1919.8077999688892	4.383145866236172
1919.8352570578816	4.351195455271504
1919.8901712358668	4.290402892172232
1919.8970355081149	4.283092394625667
1919.903899780363	4.275845607342533
1919.9176283248592	4.261542708308122
1919.9450854138518	4.233696425557503
1919.9519496860999	4.226892423309227
1919.958813958348	4.220151220807479
1919.9725425028441	4.2068567597851
1919.9794067750925	4.200303273635241
1919.9862710473406	4.193812131973455
1919.9931353195886	4.187383220985124
1919.9999995918367	4.181016426855633